// yaw00_lev3_p18_classic.mh: machine generated classical descriptor matcher
//
// Command: tasm -d D:/cpplibs/aam/stasm_work/tasm/shapes/glasses_tasmout D:/cpplibs/aam/stasm_work/tasm/shapes/glasses.shape

#ifndef STASM_YAW00_LEV3_P18_CLASSIC_MH
#define STASM_YAW00_LEV3_P18_CLASSIC_MH

namespace stasm {

// static const int EYEMOUTH_DIST = 100;
// static const double PYR_RATIO = 2;

static const double yaw00_lev3_p18_prof[9] = // mean profile
{
    -0.887502, -0.639119, -0.655813, -0.0646035, -0.637593, 0.129586, 0.484027, 0.662367, 0.468422
};
static const double yaw00_cov_lev3_p18[9*9] = // covariance matrix
{
    10.3435, -3.20182, -5.07656, -7.88044, -3.40465, -2.90856, -15.1002, -7.84167, 2.78293,
    -3.20182, 4.05418, -1.38463, -0.114594, 1.25423, 0.866524, -0.611586, 0.0918639, -0.819886,
    -5.07656, -1.38463, 10.5679, 13.3957, 3.83998, 4.63275, 24.2569, 9.96399, -4.84161,
    -7.88044, -0.114594, 13.3957, 19.6664, 6.28347, 6.9541, 34.8206, 14.6009, -7.4338,
    -3.40465, 1.25423, 3.83998, 6.28347, 3.87334, 3.14145, 10.3887, 5.2813, -3.39896,
    -2.90856, 0.866524, 4.63275, 6.9541, 3.14145, 3.47912, 11.684, 4.90703, -3.30006,
    -15.1002, -0.611586, 24.2569, 34.8206, 10.3887, 11.684, 65.2097, 27.0308, -12.9961,
    -7.84167, 0.0918639, 9.96399, 14.6009, 5.2813, 4.90703, 27.0308, 13.8069, -5.25094,
    2.78293, -0.819886, -4.84161, -7.4338, -3.39896, -3.30006, -12.9961, -5.25094, 5.55876
};

static const ClassicDescMod yaw00_lev3_p18_classic(9, yaw00_lev3_p18_prof, yaw00_cov_lev3_p18);

} // namespace stasm
#endif // STASM_YAW00_LEV3_P18_CLASSIC_MH
