// yaw00_lev2_p08_classic.mh: machine generated classical descriptor matcher
//
// Command: tasm -d D:/cpplibs/aam/stasm_work/tasm/shapes/glasses_tasmout D:/cpplibs/aam/stasm_work/tasm/shapes/glasses.shape

#ifndef STASM_YAW00_LEV2_P08_CLASSIC_MH
#define STASM_YAW00_LEV2_P08_CLASSIC_MH

namespace stasm {

// static const int EYEMOUTH_DIST = 100;
// static const double PYR_RATIO = 2;

static const double yaw00_lev2_p08_prof[9] = // mean profile
{
    0.775857, -0.0600594, -0.13838, -0.719999, 0.0709635, -0.218278, -0.963122, 0.355842, -0.010468
};
static const double yaw00_cov_lev2_p08[9*9] = // covariance matrix
{
    1.55265, -3.18527, 1.5265, -0.0539464, 0.411302, 0.0755108, 0.485205, -2.24683, 0.922342,
    -3.18527, 10.4646, -6.61149, 1.06476, -0.557755, -0.46143, -2.44575, 4.94005, -3.09492,
    1.5265, -6.61149, 16.3529, -4.29807, -0.797952, 0.901539, 4.46788, 0.441786, 5.87114,
    -0.0539464, 1.06476, -4.29807, 3.1593, 0.733211, 0.0738533, -1.1426, -1.78691, 0.446921,
    0.411302, -0.557755, -0.797952, 0.733211, 0.666669, 0.269039, -0.0164148, -1.09906, 0.0627293,
    0.0755108, -0.46143, 0.901539, 0.0738533, 0.269039, 0.592711, 0.66684, -0.243121, 0.8735,
    0.485205, -2.44575, 4.46788, -1.1426, -0.0164148, 0.66684, 2.56367, -0.474721, 2.41115,
    -2.24683, 4.94005, 0.441786, -1.78691, -1.09906, -0.243121, -0.474721, 6.21971, -2.1846,
    0.922342, -3.09492, 5.87114, 0.446921, 0.0627293, 0.8735, 2.41115, -2.1846, 7.75611
};

static const ClassicDescMod yaw00_lev2_p08_classic(9, yaw00_lev2_p08_prof, yaw00_cov_lev2_p08);

} // namespace stasm
#endif // STASM_YAW00_LEV2_P08_CLASSIC_MH
