// yaw00_lev1_p00_classic.mh: machine generated classical descriptor matcher
//
// Command: tasm -d D:/cpplibs/aam/stasm_work/tasm/shapes/glasses_tasmout D:/cpplibs/aam/stasm_work/tasm/shapes/glasses.shape

#ifndef STASM_YAW00_LEV1_P00_CLASSIC_MH
#define STASM_YAW00_LEV1_P00_CLASSIC_MH

namespace stasm {

// static const int EYEMOUTH_DIST = 100;
// static const double PYR_RATIO = 2;

static const double yaw00_lev1_p00_prof[9] = // mean profile
{
    -1.03211, -1.75221, -1.67776, -1.3916, -0.551974, 0.255955, 0.312396, -0.193934, -0.224884
};
static const double yaw00_cov_lev1_p00[9*9] = // covariance matrix
{
    4.60157, -0.569716, 2.48647, 2.16683, 0.77128, 0.527443, 0.420109, 1.92028, -4.49584,
    -0.569716, 12.2268, -3.72053, 7.93517, 0.478101, 1.60252, 1.47522, 5.07663, -13.7062,
    2.48647, -3.72053, 4.28612, -1.14976, -0.7761, 0.697502, -0.457781, -1.44128, 6.80605,
    2.16683, 7.93517, -1.14976, 7.71646, 0.451772, 1.71808, 1.47441, 3.94885, -14.3118,
    0.77128, 0.478101, -0.7761, 0.451772, 2.63888, -1.82585, 0.327372, 0.858156, -7.88993,
    0.527443, 1.60252, 0.697502, 1.71808, -1.82585, 3.97413, -0.225515, 2.86912, 4.63378,
    0.420109, 1.47522, -0.457781, 1.47441, 0.327372, -0.225515, 2.70624, -2.64285, -3.19295,
    1.92028, 5.07663, -1.44128, 3.94885, 0.858156, 2.86912, -2.64285, 25.5438, -14.4782,
    -4.49584, -13.7062, 6.80605, -14.3118, -7.88993, 4.63378, -3.19295, -14.4782, 67.1963
};

static const ClassicDescMod yaw00_lev1_p00_classic(9, yaw00_lev1_p00_prof, yaw00_cov_lev1_p00);

} // namespace stasm
#endif // STASM_YAW00_LEV1_P00_CLASSIC_MH
