// yaw00_lev3_p35_classic.mh: machine generated classical descriptor matcher
//
// Command: tasm -d D:/cpplibs/aam/stasm_work/tasm/shapes/glasses_tasmout D:/cpplibs/aam/stasm_work/tasm/shapes/glasses.shape

#ifndef STASM_YAW00_LEV3_P35_CLASSIC_MH
#define STASM_YAW00_LEV3_P35_CLASSIC_MH

namespace stasm {

// static const int EYEMOUTH_DIST = 100;
// static const double PYR_RATIO = 2;

static const double yaw00_lev3_p35_prof[9] = // mean profile
{
    -0.593111, -0.665419, -0.0878899, 0.295485, -0.273149, 0.638033, 2.11779, 1.3782, 0.485632
};
static const double yaw00_cov_lev3_p35[9*9] = // covariance matrix
{
    3.21677, 2.6427, -1.65881, 1.61992, -0.555249, -0.222506, -1.05847, 1.39563, -3.08972,
    2.6427, 3.94775, -1.05815, 1.32086, -0.0653046, -0.417257, -1.17047, 1.76988, -3.32124,
    -1.65881, -1.05815, 5.46338, -1.25505, 1.50512, 0.322276, -0.145302, -2.84395, 3.16156,
    1.61992, 1.32086, -1.25505, 10.1752, 3.17239, 0.254442, 1.03527, 4.13705, -0.876292,
    -0.555249, -0.0653046, 1.50512, 3.17239, 3.49534, 0.360582, 0.268843, 0.80805, 1.00933,
    -0.222506, -0.417257, 0.322276, 0.254442, 0.360582, 1.08345, 0.0565573, -0.0344908, 0.66395,
    -1.05847, -1.17047, -0.145302, 1.03527, 0.268843, 0.0565573, 1.68773, -0.593066, 1.85177,
    1.39563, 1.76988, -2.84395, 4.13705, 0.80805, -0.0344908, -0.593066, 5.79234, -3.67519,
    -3.08972, -3.32124, 3.16156, -0.876292, 1.00933, 0.66395, 1.85177, -3.67519, 6.13572
};

static const ClassicDescMod yaw00_lev3_p35_classic(9, yaw00_lev3_p35_prof, yaw00_cov_lev3_p35);

} // namespace stasm
#endif // STASM_YAW00_LEV3_P35_CLASSIC_MH
