// yaw00_lev3_p38_classic.mh: machine generated classical descriptor matcher
//
// Command: tasm -d D:/cpplibs/aam/stasm_work/tasm/shapes/glasses_tasmout D:/cpplibs/aam/stasm_work/tasm/shapes/glasses.shape

#ifndef STASM_YAW00_LEV3_P38_CLASSIC_MH
#define STASM_YAW00_LEV3_P38_CLASSIC_MH

namespace stasm {

// static const int EYEMOUTH_DIST = 100;
// static const double PYR_RATIO = 2;

static const double yaw00_lev3_p38_prof[9] = // mean profile
{
    0.0281364, -0.0763808, 0.37476, 0.458737, -0.711572, 0.514315, -0.0568325, 0.155578, 0.689365
};
static const double yaw00_cov_lev3_p38[9*9] = // covariance matrix
{
    8.9369, 5.43239, 5.29182, 9.75483, 5.1088, -0.188158, 0.429137, 5.51645, 0.449015,
    5.43239, 4.11702, 3.47679, 6.21248, 3.32386, 0.0292227, 0.307224, 3.59502, 0.24865,
    5.29182, 3.47679, 4.29944, 6.52227, 3.26416, 0.413245, 0.606151, 3.80187, 0.0142133,
    9.75483, 6.21248, 6.52227, 13.0702, 6.95953, 0.576044, 1.14064, 7.65328, -0.321671,
    5.1088, 3.32386, 3.26416, 6.95953, 4.6341, 0.680223, 1.03565, 3.93699, -0.228361,
    -0.188158, 0.0292227, 0.413245, 0.576044, 0.680223, 1.74324, 0.967653, 1.07145, -0.742762,
    0.429137, 0.307224, 0.606151, 1.14064, 1.03565, 0.967653, 1.53221, 0.885612, -0.64858,
    5.51645, 3.59502, 3.80187, 7.65328, 3.93699, 1.07145, 0.885612, 6.06363, -0.999959,
    0.449015, 0.24865, 0.0142133, -0.321671, -0.228361, -0.742762, -0.64858, -0.999959, 1.97141
};

static const ClassicDescMod yaw00_lev3_p38_classic(9, yaw00_lev3_p38_prof, yaw00_cov_lev3_p38);

} // namespace stasm
#endif // STASM_YAW00_LEV3_P38_CLASSIC_MH
