// yaw00_lev1_p10_classic.mh: machine generated classical descriptor matcher
//
// Command: tasm -d D:/cpplibs/aam/stasm_work/tasm/shapes/glasses_tasmout D:/cpplibs/aam/stasm_work/tasm/shapes/glasses.shape

#ifndef STASM_YAW00_LEV1_P10_CLASSIC_MH
#define STASM_YAW00_LEV1_P10_CLASSIC_MH

namespace stasm {

// static const int EYEMOUTH_DIST = 100;
// static const double PYR_RATIO = 2;

static const double yaw00_lev1_p10_prof[9] = // mean profile
{
    0.829712, 0.100608, -0.726306, -0.598951, 0.798697, 1.02126, 0.0874966, 0.103496, -0.095546
};
static const double yaw00_cov_lev1_p10[9*9] = // covariance matrix
{
    0.845276, -0.542082, 0.287306, 0.318822, -0.00261538, 0.639154, 0.0345131, 0.0489328, -0.0221651,
    -0.542082, 4.53171, -4.60132, 1.00599, -0.853164, 1.12113, -1.58158, -1.60711, 0.00283029,
    0.287306, -4.60132, 6.68808, -1.46304, 1.21204, -1.89391, 2.54497, 2.70022, -1.62683,
    0.318822, 1.00599, -1.46304, 1.71075, -0.88471, 1.61176, -0.549286, -1.06511, 1.28418,
    -0.00261538, -0.853164, 1.21204, -0.88471, 0.960212, -0.957488, 0.492445, 0.393868, -0.606729,
    0.639154, 1.12113, -1.89391, 1.61176, -0.957488, 2.58904, -0.878398, -1.09543, 1.63564,
    0.0345131, -1.58158, 2.54497, -0.549286, 0.492445, -0.878398, 2.92614, -0.818204, 0.995516,
    0.0489328, -1.60711, 2.70022, -1.06511, 0.393868, -1.09543, -0.818204, 9.63375, -8.82824,
    -0.0221651, 0.00283029, -1.62683, 1.28418, -0.606729, 1.63564, 0.995516, -8.82824, 12.2088
};

static const ClassicDescMod yaw00_lev1_p10_classic(9, yaw00_lev1_p10_prof, yaw00_cov_lev1_p10);

} // namespace stasm
#endif // STASM_YAW00_LEV1_P10_CLASSIC_MH
