// yaw00_lev2_p11_classic.mh: machine generated classical descriptor matcher
//
// Command: tasm -d D:/cpplibs/aam/stasm_work/tasm/shapes/glasses_tasmout D:/cpplibs/aam/stasm_work/tasm/shapes/glasses.shape

#ifndef STASM_YAW00_LEV2_P11_CLASSIC_MH
#define STASM_YAW00_LEV2_P11_CLASSIC_MH

namespace stasm {

// static const int EYEMOUTH_DIST = 100;
// static const double PYR_RATIO = 2;

static const double yaw00_lev2_p11_prof[9] = // mean profile
{
    0.650709, 0.924277, 0.169038, -0.252689, -0.315386, 0.461322, 0.0188839, -0.461841, -0.609267
};
static const double yaw00_cov_lev2_p11[9*9] = // covariance matrix
{
    6.32942, -2.677, 6.02865, 0.0699445, 1.99777, 0.507345, -4.73014, 0.442195, 5.40199,
    -2.677, 2.64238, -3.17725, 0.40673, -0.622136, 0.662551, 1.20596, 1.32746, -1.86694,
    6.02865, -3.17725, 7.44879, -0.226755, 2.04069, -0.818028, -5.02385, -0.161351, 5.86912,
    0.0699445, 0.40673, -0.226755, 0.470281, 0.223385, 0.38878, -0.111996, 0.273762, 0.210801,
    1.99777, -0.622136, 2.04069, 0.223385, 1.15942, 0.430084, -1.82742, 0.62123, 2.12653,
    0.507345, 0.662551, -0.818028, 0.38878, 0.430084, 3.19742, -0.931686, 2.09661, -0.170287,
    -4.73014, 1.20596, -5.02385, -0.111996, -1.82742, -0.931686, 7.63566, -3.45962, -4.82085,
    0.442195, 1.32746, -0.161351, 0.273762, 0.62123, 2.09661, -3.45962, 5.13741, 0.718333,
    5.40199, -1.86694, 5.86912, 0.210801, 2.12653, -0.170287, -4.82085, 0.718333, 7.22643
};

static const ClassicDescMod yaw00_lev2_p11_classic(9, yaw00_lev2_p11_prof, yaw00_cov_lev2_p11);

} // namespace stasm
#endif // STASM_YAW00_LEV2_P11_CLASSIC_MH
