// yaw00_lev3_p03_classic.mh: machine generated classical descriptor matcher
//
// Command: tasm -d D:/cpplibs/aam/stasm_work/tasm/shapes/glasses_tasmout D:/cpplibs/aam/stasm_work/tasm/shapes/glasses.shape

#ifndef STASM_YAW00_LEV3_P03_CLASSIC_MH
#define STASM_YAW00_LEV3_P03_CLASSIC_MH

namespace stasm {

// static const int EYEMOUTH_DIST = 100;
// static const double PYR_RATIO = 2;

static const double yaw00_lev3_p03_prof[9] = // mean profile
{
    0.371383, 1.38338, 1.0933, 0.191311, -1.233, 0.522896, 0.056081, -0.847121, -0.740182
};
static const double yaw00_cov_lev3_p03[9*9] = // covariance matrix
{
    56.3997, -8.44141, 24.8856, 10.3232, 8.81733, 25.6351, 18.4849, 39.134, 36.165,
    -8.44141, 5.76541, -0.573073, -0.421929, 0.272922, -4.42612, -1.18984, -4.56289, -3.974,
    24.8856, -0.573073, 15.4073, 5.49889, 5.11707, 10.7488, 9.05064, 18.5742, 18.6477,
    10.3232, -0.421929, 5.49889, 3.21637, 2.99719, 5.27081, 4.23203, 9.2425, 8.20375,
    8.81733, 0.272922, 5.11707, 2.99719, 8.83489, 4.69241, 6.07679, 15.0972, 12.3471,
    25.6351, -4.42612, 10.7488, 5.27081, 4.69241, 13.6826, 8.5545, 19.2964, 17.0904,
    18.4849, -1.18984, 9.05064, 4.23203, 6.07679, 8.5545, 9.13597, 18.0225, 14.7586,
    39.134, -4.56289, 18.5742, 9.2425, 15.0972, 19.2964, 18.0225, 42.1013, 34.2787,
    36.165, -3.974, 18.6477, 8.20375, 12.3471, 17.0904, 14.7586, 34.2787, 32.2529
};

static const ClassicDescMod yaw00_lev3_p03_classic(9, yaw00_lev3_p03_prof, yaw00_cov_lev3_p03);

} // namespace stasm
#endif // STASM_YAW00_LEV3_P03_CLASSIC_MH
