// yaw00_lev2_p04_classic.mh: machine generated classical descriptor matcher
//
// Command: tasm -d D:/cpplibs/aam/stasm_work/tasm/shapes/glasses_tasmout D:/cpplibs/aam/stasm_work/tasm/shapes/glasses.shape

#ifndef STASM_YAW00_LEV2_P04_CLASSIC_MH
#define STASM_YAW00_LEV2_P04_CLASSIC_MH

namespace stasm {

// static const int EYEMOUTH_DIST = 100;
// static const double PYR_RATIO = 2;

static const double yaw00_lev2_p04_prof[9] = // mean profile
{
    0.573782, 0.138192, -0.243284, -0.724794, 0.0611548, 1.25846, 0.236943, -0.335663, -0.215014
};
static const double yaw00_cov_lev2_p04[9*9] = // covariance matrix
{
    1.46875, -0.257715, 0.336166, -0.248087, -0.3656, -0.0590041, -0.0476205, -0.168588, 0.174383,
    -0.257715, 4.88274, 0.341863, 0.752778, -0.506882, 0.660782, 1.37646, 0.0755223, -0.765866,
    0.336166, 0.341863, 1.82013, 0.475769, -0.0837523, -0.00311693, 0.493251, 0.742975, -0.496305,
    -0.248087, 0.752778, 0.475769, 2.14776, -0.433191, 0.742021, 1.1537, 0.902375, -0.198396,
    -0.3656, -0.506882, -0.0837523, -0.433191, 0.954609, -0.190818, -0.394488, 0.0668081, 0.0619636,
    -0.0590041, 0.660782, -0.00311693, 0.742021, -0.190818, 1.10841, 1.13082, -0.281645, -0.262189,
    -0.0476205, 1.37646, 0.493251, 1.1537, -0.394488, 1.13082, 1.961, -0.0518337, -0.108867,
    -0.168588, 0.0755223, 0.742975, 0.902375, 0.0668081, -0.281645, -0.0518337, 1.79373, -0.212286,
    0.174383, -0.765866, -0.496305, -0.198396, 0.0619636, -0.262189, -0.108867, -0.212286, 1.9169
};

static const ClassicDescMod yaw00_lev2_p04_classic(9, yaw00_lev2_p04_prof, yaw00_cov_lev2_p04);

} // namespace stasm
#endif // STASM_YAW00_LEV2_P04_CLASSIC_MH
