// yaw00_lev3_p13_classic.mh: machine generated classical descriptor matcher
//
// Command: tasm -d D:/cpplibs/aam/stasm_work/tasm/shapes/glasses_tasmout D:/cpplibs/aam/stasm_work/tasm/shapes/glasses.shape

#ifndef STASM_YAW00_LEV3_P13_CLASSIC_MH
#define STASM_YAW00_LEV3_P13_CLASSIC_MH

namespace stasm {

// static const int EYEMOUTH_DIST = 100;
// static const double PYR_RATIO = 2;

static const double yaw00_lev3_p13_prof[9] = // mean profile
{
    0.187028, 0.237498, -0.257808, -0.614391, -0.218607, -0.0814756, -0.853381, 0.264674, 0.629536
};
static const double yaw00_cov_lev3_p13[9*9] = // covariance matrix
{
    8.28822, -2.8967, 1.8096, -0.608218, -0.820617, -1.7698, 0.0252071, 3.9469, 2.26093,
    -2.8967, 3.89234, -0.559192, 0.529355, 0.397691, 1.7231, 2.75588, -0.413874, 0.0166261,
    1.8096, -0.559192, 2.18152, -0.135175, -0.146633, -0.280218, 0.839262, 1.8687, 1.35404,
    -0.608218, 0.529355, -0.135175, 0.357977, 0.193947, 0.383534, 0.440728, -0.233427, -0.101535,
    -0.820617, 0.397691, -0.146633, 0.193947, 0.401441, 0.372919, 0.297723, -0.37458, -0.166374,
    -1.7698, 1.7231, -0.280218, 0.383534, 0.372919, 1.80329, 1.9562, -0.372198, -0.103284,
    0.0252071, 2.75588, 0.839262, 0.440728, 0.297723, 1.9562, 5.05065, 2.07435, 1.93897,
    3.9469, -0.413874, 1.8687, -0.233427, -0.37458, -0.372198, 2.07435, 4.34878, 2.70583,
    2.26093, 0.0166261, 1.35404, -0.101535, -0.166374, -0.103284, 1.93897, 2.70583, 2.74385
};

static const ClassicDescMod yaw00_lev3_p13_classic(9, yaw00_lev3_p13_prof, yaw00_cov_lev3_p13);

} // namespace stasm
#endif // STASM_YAW00_LEV3_P13_CLASSIC_MH
