// yaw00_lev0_p01_classic.mh: machine generated classical descriptor matcher
//
// Command: tasm -d D:/cpplibs/aam/stasm_work/tasm/shapes/glasses_tasmout D:/cpplibs/aam/stasm_work/tasm/shapes/glasses.shape

#ifndef STASM_YAW00_LEV0_P01_CLASSIC_MH
#define STASM_YAW00_LEV0_P01_CLASSIC_MH

namespace stasm {

// static const int EYEMOUTH_DIST = 100;
// static const double PYR_RATIO = 2;

static const double yaw00_lev0_p01_prof[9] = // mean profile
{
    -0.706259, -1.07075, -1.02941, -0.671243, 0.0929212, 0.484279, 0.538081, 0.325559, -0.171684
};
static const double yaw00_cov_lev0_p01[9*9] = // covariance matrix
{
    2.22741, -1.38112, -0.897711, -0.438161, 0.878125, 0.568401, -0.686135, -0.463573, 0.569764,
    -1.38112, 8.54643, -1.74521, -2.92811, 9.28101, -12.5904, 8.02536, -2.36993, 2.74464,
    -0.897711, -1.74521, 4.42014, -1.35267, -2.37158, 2.95799, -0.28835, -0.678191, -0.00478439,
    -0.438161, -2.92811, -1.35267, 5.57661, -7.13177, 6.47653, -4.9146, 2.64048, -3.02811,
    0.878125, 9.28101, -2.37158, -7.13177, 20.6611, -27.3228, 16.87, -6.42849, 6.30611,
    0.568401, -12.5904, 2.95799, 6.47653, -27.3228, 44.2446, -27.2895, 9.52813, -7.39893,
    -0.686135, 8.02536, -0.28835, -4.9146, 16.87, -27.2895, 19.9845, -7.33578, 5.25042,
    -0.463573, -2.36993, -0.678191, 2.64048, -6.42849, 9.52813, -7.33578, 4.68589, -2.99895,
    0.569764, 2.74464, -0.00478439, -3.02811, 6.30611, -7.39893, 5.25042, -2.99895, 3.37329
};

static const ClassicDescMod yaw00_lev0_p01_classic(9, yaw00_lev0_p01_prof, yaw00_cov_lev0_p01);

} // namespace stasm
#endif // STASM_YAW00_LEV0_P01_CLASSIC_MH
