// yaw00_lev1_p07_classic.mh: machine generated classical descriptor matcher
//
// Command: tasm -d D:/cpplibs/aam/stasm_work/tasm/shapes/glasses_tasmout D:/cpplibs/aam/stasm_work/tasm/shapes/glasses.shape

#ifndef STASM_YAW00_LEV1_P07_CLASSIC_MH
#define STASM_YAW00_LEV1_P07_CLASSIC_MH

namespace stasm {

// static const int EYEMOUTH_DIST = 100;
// static const double PYR_RATIO = 2;

static const double yaw00_lev1_p07_prof[9] = // mean profile
{
    0.0720389, 0.0551393, -0.00875998, -0.86526, 0.11356, 1.37464, -0.524156, -0.432527, -0.13884
};
static const double yaw00_cov_lev1_p07[9*9] = // covariance matrix
{
    30.9275, -15.3117, 15.4132, 0.255883, 0.311193, -0.563383, 0.35504, -1.88769, 6.60971,
    -15.3117, 42.1759, -37.4287, 1.20755, -1.58145, 0.22577, -3.68566, 5.16757, -14.7111,
    15.4132, -37.4287, 47.3022, -0.443703, 1.31794, 0.418871, 2.99837, -3.00031, 16.0217,
    0.255883, 1.20755, -0.443703, 0.92246, -0.209204, 0.063527, -0.201249, 0.32936, -0.140157,
    0.311193, -1.58145, 1.31794, -0.209204, 0.428699, 0.0574545, 0.381572, -0.34287, 0.618403,
    -0.563383, 0.22577, 0.418871, 0.063527, 0.0574545, 0.636155, 0.0445757, 1.06736, -0.360023,
    0.35504, -3.68566, 2.99837, -0.201249, 0.381572, 0.0445757, 0.820741, -1.0161, 1.65129,
    -1.88769, 5.16757, -3.00031, 0.32936, -0.34287, 1.06736, -1.0161, 4.85066, -3.34382,
    6.60971, -14.7111, 16.0217, -0.140157, 0.618403, -0.360023, 1.65129, -3.34382, 7.65657
};

static const ClassicDescMod yaw00_lev1_p07_classic(9, yaw00_lev1_p07_prof, yaw00_cov_lev1_p07);

} // namespace stasm
#endif // STASM_YAW00_LEV1_P07_CLASSIC_MH
