// yaw00_lev1_p04_classic.mh: machine generated classical descriptor matcher
//
// Command: tasm -d D:/cpplibs/aam/stasm_work/tasm/shapes/glasses_tasmout D:/cpplibs/aam/stasm_work/tasm/shapes/glasses.shape

#ifndef STASM_YAW00_LEV1_P04_CLASSIC_MH
#define STASM_YAW00_LEV1_P04_CLASSIC_MH

namespace stasm {

// static const int EYEMOUTH_DIST = 100;
// static const double PYR_RATIO = 2;

static const double yaw00_lev1_p04_prof[9] = // mean profile
{
    -0.603646, -0.407204, 0.124708, -0.148549, 0.377791, 1.33032, 0.576287, -0.847553, -0.0230506
};
static const double yaw00_cov_lev1_p04[9*9] = // covariance matrix
{
    5.80582, -5.19137, 3.96358, 0.361597, 1.17617, 1.65523, 0.872114, -0.721975, 5.7469,
    -5.19137, 11.6, -9.30065, 2.22084, -0.696128, -2.49824, -0.419044, 0.250744, -4.49534,
    3.96358, -9.30065, 10.2943, -2.54653, 0.708378, 2.0396, 1.28394, -1.34609, 6.8062,
    0.361597, 2.22084, -2.54653, 2.68908, -0.412769, 0.155942, -0.213437, 0.237528, -0.127817,
    1.17617, -0.696128, 0.708378, -0.412769, 1.40407, 0.0817892, 0.477654, -0.631016, 2.21381,
    1.65523, -2.49824, 2.0396, 0.155942, 0.0817892, 1.48296, 0.0383027, 0.0734506, 1.81964,
    0.872114, -0.419044, 1.28394, -0.213437, 0.477654, 0.0383027, 0.948334, -0.713497, 2.51757,
    -0.721975, 0.250744, -1.34609, 0.237528, -0.631016, 0.0734506, -0.713497, 1.72388, -4.00792,
    5.7469, -4.49534, 6.8062, -0.127817, 2.21381, 1.81964, 2.51757, -4.00792, 15.1013
};

static const ClassicDescMod yaw00_lev1_p04_classic(9, yaw00_lev1_p04_prof, yaw00_cov_lev1_p04);

} // namespace stasm
#endif // STASM_YAW00_LEV1_P04_CLASSIC_MH
