// yaw00_lev0_p11_classic.mh: machine generated classical descriptor matcher
//
// Command: tasm -d D:/cpplibs/aam/stasm_work/tasm/shapes/glasses_tasmout D:/cpplibs/aam/stasm_work/tasm/shapes/glasses.shape

#ifndef STASM_YAW00_LEV0_P11_CLASSIC_MH
#define STASM_YAW00_LEV0_P11_CLASSIC_MH

namespace stasm {

// static const int EYEMOUTH_DIST = 100;
// static const double PYR_RATIO = 2;

static const double yaw00_lev0_p11_prof[9] = // mean profile
{
    -0.205148, -0.638528, -0.137887, -0.587296, -0.284791, 0.471551, 0.469549, 0.404412, -0.006682
};
static const double yaw00_cov_lev0_p11[9*9] = // covariance matrix
{
    3.70858, -3.70854, 0.489834, 0.79108, -4.3697, 2.80579, -1.49661, -1.65577, 2.09523,
    -3.70854, 5.1282, 0.14733, -1.86517, 6.23812, -2.99958, 0.527309, 4.86528, -3.47769,
    0.489834, 0.14733, 3.23433, -2.14398, 2.19426, -0.454523, -0.865418, 6.37115, -2.50042,
    0.79108, -1.86517, -2.14398, 3.11904, -3.62028, 0.797496, 1.06063, -5.2117, 2.83219,
    -4.3697, 6.23812, 2.19426, -3.62028, 12.055, -6.55058, 0.931732, 11.7504, -6.48941,
    2.80579, -2.99958, -0.454523, 0.797496, -6.55058, 6.76363, -5.18505, -4.22664, 5.19495,
    -1.49661, 0.527309, -0.865418, 1.06063, 0.931732, -5.18505, 9.10749, -4.81362, -3.5312,
    -1.65577, 4.86528, 6.37115, -5.2117, 11.7504, -4.22664, -4.81362, 26.0981, -9.47524,
    2.09523, -3.47769, -2.50042, 2.83219, -6.48941, 5.19495, -3.5312, -9.47524, 10.1416
};

static const ClassicDescMod yaw00_lev0_p11_classic(9, yaw00_lev0_p11_prof, yaw00_cov_lev0_p11);

} // namespace stasm
#endif // STASM_YAW00_LEV0_P11_CLASSIC_MH
