// yaw00_lev3_p04_classic.mh: machine generated classical descriptor matcher
//
// Command: tasm -d D:/cpplibs/aam/stasm_work/tasm/shapes/glasses_tasmout D:/cpplibs/aam/stasm_work/tasm/shapes/glasses.shape

#ifndef STASM_YAW00_LEV3_P04_CLASSIC_MH
#define STASM_YAW00_LEV3_P04_CLASSIC_MH

namespace stasm {

// static const int EYEMOUTH_DIST = 100;
// static const double PYR_RATIO = 2;

static const double yaw00_lev3_p04_prof[9] = // mean profile
{
    0.258392, 0.0644803, 0.258051, 0.348109, -0.662161, 1.09397, -0.357164, -0.502821, -0.8735
};
static const double yaw00_cov_lev3_p04[9*9] = // covariance matrix
{
    1.60463, -0.610522, 0.133733, -0.283994, 1.55128, 0.818745, 0.808988, 0.773117, 0.787585,
    -0.610522, 3.64033, -0.151203, 0.212918, -1.23717, -0.832593, -0.0906198, 1.62462, -1.78662,
    0.133733, -0.151203, 1.08537, 0.44271, 0.355493, -0.0593361, 0.298464, -0.229812, -0.159008,
    -0.283994, 0.212918, 0.44271, 1.19272, -0.202306, -0.33581, -0.122261, -0.475124, -0.2179,
    1.55128, -1.23717, 0.355493, -0.202306, 3.25205, 1.13918, 1.62742, 1.12233, 1.34363,
    0.818745, -0.832593, -0.0593361, -0.33581, 1.13918, 1.30019, 0.49583, 0.0123169, 1.10667,
    0.808988, -0.0906198, 0.298464, -0.122261, 1.62742, 0.49583, 1.61617, 1.41315, 0.559016,
    0.773117, 1.62462, -0.229812, -0.475124, 1.12233, 0.0123169, 1.41315, 3.98437, -0.263472,
    0.787585, -1.78662, -0.159008, -0.2179, 1.34363, 1.10667, 0.559016, -0.263472, 2.51739
};

static const ClassicDescMod yaw00_lev3_p04_classic(9, yaw00_lev3_p04_prof, yaw00_cov_lev3_p04);

} // namespace stasm
#endif // STASM_YAW00_LEV3_P04_CLASSIC_MH
