// yaw00_lev3_p07_classic.mh: machine generated classical descriptor matcher
//
// Command: tasm -d D:/cpplibs/aam/stasm_work/tasm/shapes/glasses_tasmout D:/cpplibs/aam/stasm_work/tasm/shapes/glasses.shape

#ifndef STASM_YAW00_LEV3_P07_CLASSIC_MH
#define STASM_YAW00_LEV3_P07_CLASSIC_MH

namespace stasm {

// static const int EYEMOUTH_DIST = 100;
// static const double PYR_RATIO = 2;

static const double yaw00_lev3_p07_prof[9] = // mean profile
{
    -1.37872, -0.0304281, -0.0950329, 0.222918, -0.0569671, 0.186463, -0.420521, -1.00517, -0.75477
};
static const double yaw00_cov_lev3_p07[9*9] = // covariance matrix
{
    1.48133, 0.609422, 0.330062, 1.03181, -0.584974, 0.341078, 0.725939, 1.63699, 0.976627,
    0.609422, 1.90466, -0.834965, 2.13706, -0.42683, 0.0366082, 0.333949, 0.954283, 1.78797,
    0.330062, -0.834965, 2.50093, 1.80764, 0.423588, 0.809344, 1.09415, 0.528208, 0.179091,
    1.03181, 2.13706, 1.80764, 20.436, 1.01931, 2.80895, 3.9233, 2.13121, 7.55552,
    -0.584974, -0.42683, 0.423588, 1.01931, 1.81494, 1.39994, 0.532016, 0.409604, 0.828697,
    0.341078, 0.0366082, 0.809344, 2.80895, 1.39994, 2.18682, 1.20942, 1.43859, 1.63041,
    0.725939, 0.333949, 1.09415, 3.9233, 0.532016, 1.20942, 2.06212, 1.23378, 1.91248,
    1.63699, 0.954283, 0.528208, 2.13121, 0.409604, 1.43859, 1.23378, 4.12557, 2.73931,
    0.976627, 1.78797, 0.179091, 7.55552, 0.828697, 1.63041, 1.91248, 2.73931, 5.54133
};

static const ClassicDescMod yaw00_lev3_p07_classic(9, yaw00_lev3_p07_prof, yaw00_cov_lev3_p07);

} // namespace stasm
#endif // STASM_YAW00_LEV3_P07_CLASSIC_MH
