// yaw00_lev0_p06_classic.mh: machine generated classical descriptor matcher
//
// Command: tasm -d D:/cpplibs/aam/stasm_work/tasm/shapes/glasses_tasmout D:/cpplibs/aam/stasm_work/tasm/shapes/glasses.shape

#ifndef STASM_YAW00_LEV0_P06_CLASSIC_MH
#define STASM_YAW00_LEV0_P06_CLASSIC_MH

namespace stasm {

// static const int EYEMOUTH_DIST = 100;
// static const double PYR_RATIO = 2;

static const double yaw00_lev0_p06_prof[9] = // mean profile
{
    -0.178034, -0.0749547, -0.147879, 0.00927489, 0.621022, 0.923094, 0.754023, -0.191773, -0.232795
};
static const double yaw00_cov_lev0_p06[9*9] = // covariance matrix
{
    8.8405, -4.1596, -1.02157, -0.284185, -1.03779, -0.656527, 0.498977, -1.50388, -0.583504,
    -4.1596, 9.42586, 1.1259, -2.68797, 3.54407, -3.16069, -0.426498, 5.34517, -5.78331,
    -1.02157, 1.1259, 8.29118, -4.94382, 3.80381, -6.01759, 2.8079, 2.26897, -5.07001,
    -0.284185, -2.68797, -4.94382, 5.56171, -3.9934, 5.15713, -1.79414, -2.32332, 4.93193,
    -1.03779, 3.54407, 3.80381, -3.9934, 4.5062, -5.1068, 2.42906, 2.31818, -3.87269,
    -0.656527, -3.16069, -6.01759, 5.15713, -5.1068, 9.94562, -4.85539, -3.73568, 8.02369,
    0.498977, -0.426498, 2.8079, -1.79414, 2.42906, -4.85539, 4.32298, -0.621781, -1.44812,
    -1.50388, 5.34517, 2.26897, -2.32332, 2.31818, -3.73568, -0.621781, 6.13541, -7.0088,
    -0.583504, -5.78331, -5.07001, 4.93193, -3.87269, 8.02369, -1.44812, -7.0088, 11.1628
};

static const ClassicDescMod yaw00_lev0_p06_classic(9, yaw00_lev0_p06_prof, yaw00_cov_lev0_p06);

} // namespace stasm
#endif // STASM_YAW00_LEV0_P06_CLASSIC_MH
