// yaw00_lev0_p14_classic.mh: machine generated classical descriptor matcher
//
// Command: tasm -d D:/cpplibs/aam/stasm_work/tasm/shapes/glasses_tasmout D:/cpplibs/aam/stasm_work/tasm/shapes/glasses.shape

#ifndef STASM_YAW00_LEV0_P14_CLASSIC_MH
#define STASM_YAW00_LEV0_P14_CLASSIC_MH

namespace stasm {

// static const int EYEMOUTH_DIST = 100;
// static const double PYR_RATIO = 2;

static const double yaw00_lev0_p14_prof[9] = // mean profile
{
    -0.669543, -0.674189, -0.219976, -0.267298, -0.453598, -0.476101, -0.117925, 0.51328, 0.472485
};
static const double yaw00_cov_lev0_p14[9*9] = // covariance matrix
{
    7.22537, -8.37208, 6.65839, -5.99865, 2.02749, 2.18013, -1.79521, -2.54858, 2.47447,
    -8.37208, 15.7239, -13.4259, 7.26324, -0.346699, -6.70195, 5.47894, 4.31059, -5.83236,
    6.65839, -13.4259, 13.133, -7.76874, 0.52073, 6.75065, -5.27511, -4.32095, 5.57502,
    -5.99865, 7.26324, -7.76874, 8.9814, -3.53297, -2.68737, 2.28547, 3.1794, -2.68201,
    2.02749, -0.346699, 0.52073, -3.53297, 5.08927, -5.20856, 3.26063, -0.335048, -0.502527,
    2.18013, -6.70195, 6.75065, -2.68737, -5.20856, 19.5564, -14.2773, -0.991376, 1.00834,
    -1.79521, 5.47894, -5.27511, 2.28547, 3.26063, -14.2773, 11.831, 0.510178, -0.647744,
    -2.54858, 4.31059, -4.32095, 3.1794, -0.335048, -0.991376, 0.510178, 4.65045, -4.70662,
    2.47447, -5.83236, 5.57502, -2.68201, -0.502527, 1.00834, -0.647744, -4.70662, 6.10034
};

static const ClassicDescMod yaw00_lev0_p14_classic(9, yaw00_lev0_p14_prof, yaw00_cov_lev0_p14);

} // namespace stasm
#endif // STASM_YAW00_LEV0_P14_CLASSIC_MH
