// yaw00_lev3_p08_classic.mh: machine generated classical descriptor matcher
//
// Command: tasm -d D:/cpplibs/aam/stasm_work/tasm/shapes/glasses_tasmout D:/cpplibs/aam/stasm_work/tasm/shapes/glasses.shape

#ifndef STASM_YAW00_LEV3_P08_CLASSIC_MH
#define STASM_YAW00_LEV3_P08_CLASSIC_MH

namespace stasm {

// static const int EYEMOUTH_DIST = 100;
// static const double PYR_RATIO = 2;

static const double yaw00_lev3_p08_prof[9] = // mean profile
{
    -1.32204, 0.530363, 0.590399, -0.266239, -0.243724, -0.614857, -0.303771, -0.53357, -0.738908
};
static const double yaw00_cov_lev3_p08[9*9] = // covariance matrix
{
    1.62894, -0.159151, -0.12393, 0.444372, -0.0829226, 0.130057, 0.785211, 0.505972, -0.150497,
    -0.159151, 0.663407, 0.380892, 0.0135951, -0.089899, 0.337116, 0.133844, -0.120569, 0.0874081,
    -0.12393, 0.380892, 1.33972, -0.225316, -0.218052, -0.278213, 0.111273, 0.868217, 0.0800756,
    0.444372, 0.0135951, -0.225316, 0.718106, -0.00209939, 0.469996, 0.378888, -0.0864607, 0.131438,
    -0.0829226, -0.089899, -0.218052, -0.00209939, 0.895265, 0.579696, -0.0121905, 0.0130115, 0.836094,
    0.130057, 0.337116, -0.278213, 0.469996, 0.579696, 1.9288, 0.517241, -0.313127, 0.761352,
    0.785211, 0.133844, 0.111273, 0.378888, -0.0121905, 0.517241, 1.5838, 0.0637778, -0.212828,
    0.505972, -0.120569, 0.868217, -0.0864607, 0.0130115, -0.313127, 0.0637778, 4.14842, 2.18458,
    -0.150497, 0.0874081, 0.0800756, 0.131438, 0.836094, 0.761352, -0.212828, 2.18458, 3.76164
};

static const ClassicDescMod yaw00_lev3_p08_classic(9, yaw00_lev3_p08_prof, yaw00_cov_lev3_p08);

} // namespace stasm
#endif // STASM_YAW00_LEV3_P08_CLASSIC_MH
