// yaw00_lev0_p12_classic.mh: machine generated classical descriptor matcher
//
// Command: tasm -d D:/cpplibs/aam/stasm_work/tasm/shapes/glasses_tasmout D:/cpplibs/aam/stasm_work/tasm/shapes/glasses.shape

#ifndef STASM_YAW00_LEV0_P12_CLASSIC_MH
#define STASM_YAW00_LEV0_P12_CLASSIC_MH

namespace stasm {

// static const int EYEMOUTH_DIST = 100;
// static const double PYR_RATIO = 2;

static const double yaw00_lev0_p12_prof[9] = // mean profile
{
    -0.753118, 0.0129306, -0.301202, -0.611634, 0.0378833, 0.483187, 0.777896, 0.816385, 0.321604
};
static const double yaw00_cov_lev0_p12[9*9] = // covariance matrix
{
    0.779509, 0.08331, -1.32805, 0.922175, -0.587037, 0.308152, -0.464083, -0.136728, -0.0555329,
    0.08331, 8.0801, -10.4967, 6.65124, -6.91975, 4.66887, -8.91486, 4.49993, -1.91927,
    -1.32805, -10.4967, 22.7563, -14.1745, 13.0215, -6.91932, 13.5018, -6.16292, 5.01274,
    0.922175, 6.65124, -14.1745, 9.97957, -9.58588, 5.04228, -8.269, 3.2707, -2.7929,
    -0.587037, -6.91975, 13.0215, -9.58588, 12.7701, -6.89379, 10.1979, -4.35963, 3.4873,
    0.308152, 4.66887, -6.91932, 5.04228, -6.89379, 5.14351, -7.82521, 3.68951, -2.03383,
    -0.464083, -8.91486, 13.5018, -8.269, 10.1979, -7.82521, 16.8939, -10.0279, 5.25353,
    -0.136728, 4.49993, -6.16292, 3.2707, -4.35963, 3.68951, -10.0279, 8.21328, -4.22063,
    -0.0555329, -1.91927, 5.01274, -2.7929, 3.4873, -2.03383, 5.25353, -4.22063, 3.75516
};

static const ClassicDescMod yaw00_lev0_p12_classic(9, yaw00_lev0_p12_prof, yaw00_cov_lev0_p12);

} // namespace stasm
#endif // STASM_YAW00_LEV0_P12_CLASSIC_MH
