// yaw00_lev3_p37_classic.mh: machine generated classical descriptor matcher
//
// Command: tasm -d D:/cpplibs/aam/stasm_work/tasm/shapes/glasses_tasmout D:/cpplibs/aam/stasm_work/tasm/shapes/glasses.shape

#ifndef STASM_YAW00_LEV3_P37_CLASSIC_MH
#define STASM_YAW00_LEV3_P37_CLASSIC_MH

namespace stasm {

// static const int EYEMOUTH_DIST = 100;
// static const double PYR_RATIO = 2;

static const double yaw00_lev3_p37_prof[9] = // mean profile
{
    -0.280435, -0.707082, -0.382047, -0.603502, -0.0660673, 0.140396, 1.11681, 1.70176, 1.21175
};
static const double yaw00_cov_lev3_p37[9*9] = // covariance matrix
{
    2.46828, 0.0328622, -0.595117, 1.47227, -0.906831, -0.463212, -0.403561, -0.708008, 0.439034,
    0.0328622, 5.18173, 2.43258, 0.99942, 1.37074, 0.609121, -1.16499, 0.0388483, 1.28529,
    -0.595117, 2.43258, 6.16784, -2.58629, 0.656476, 0.490273, -0.164981, 1.35666, -2.39805,
    1.47227, 0.99942, -2.58629, 6.53027, 0.613154, -0.797033, -1.39964, -0.929018, 2.23847,
    -0.906831, 1.37074, 0.656476, 0.613154, 3.13679, -0.246277, -0.109025, 1.00377, 0.393741,
    -0.463212, 0.609121, 0.490273, -0.797033, -0.246277, 2.3693, 0.562437, -0.250034, -0.251619,
    -0.403561, -1.16499, -0.164981, -1.39964, -0.109025, 0.562437, 1.16493, 0.472079, -0.950783,
    -0.708008, 0.0388483, 1.35666, -0.929018, 1.00377, -0.250034, 0.472079, 2.09917, -1.40327,
    0.439034, 1.28529, -2.39805, 2.23847, 0.393741, -0.251619, -0.950783, -1.40327, 3.52533
};

static const ClassicDescMod yaw00_lev3_p37_classic(9, yaw00_lev3_p37_prof, yaw00_cov_lev3_p37);

} // namespace stasm
#endif // STASM_YAW00_LEV3_P37_CLASSIC_MH
