// yaw00_lev1_p01_classic.mh: machine generated classical descriptor matcher
//
// Command: tasm -d D:/cpplibs/aam/stasm_work/tasm/shapes/glasses_tasmout D:/cpplibs/aam/stasm_work/tasm/shapes/glasses.shape

#ifndef STASM_YAW00_LEV1_P01_CLASSIC_MH
#define STASM_YAW00_LEV1_P01_CLASSIC_MH

namespace stasm {

// static const int EYEMOUTH_DIST = 100;
// static const double PYR_RATIO = 2;

static const double yaw00_lev1_p01_prof[9] = // mean profile
{
    -0.947, -1.03041, -1.0446, -1.31084, -0.998798, 0.470648, 0.505071, -0.0740468, 0.0399817
};
static const double yaw00_cov_lev1_p01[9*9] = // covariance matrix
{
    11.1807, 0.00296653, -0.43498, 1.82764, 1.67766, -1.12829, -1.43816, 0.543443, 1.85388,
    0.00296653, 10.7309, -3.25937, 0.584014, 3.3476, -2.0328, 2.01802, -2.10724, 3.50223,
    -0.43498, -3.25937, 4.46139, -1.74044, 0.582995, 0.0619761, 0.0450864, 0.101079, -0.441995,
    1.82764, 0.584014, -1.74044, 2.00186, -1.27409, 1.10968, -0.889051, 0.851207, 0.08674,
    1.67766, 3.3476, 0.582995, -1.27409, 4.64611, -3.14705, 2.59976, -3.1249, 2.93744,
    -1.12829, -2.0328, 0.0619761, 1.10968, -3.14705, 3.43172, -2.17265, 2.88855, -2.01428,
    -1.43816, 2.01802, 0.0450864, -0.889051, 2.59976, -2.17265, 4.75644, -4.21285, 2.85957,
    0.543443, -2.10724, 0.101079, 0.851207, -3.1249, 2.88855, -4.21285, 5.84431, -3.43062,
    1.85388, 3.50223, -0.441995, 0.08674, 2.93744, -2.01428, 2.85957, -3.43062, 6.17792
};

static const ClassicDescMod yaw00_lev1_p01_classic(9, yaw00_lev1_p01_prof, yaw00_cov_lev1_p01);

} // namespace stasm
#endif // STASM_YAW00_LEV1_P01_CLASSIC_MH
