// yaw00_lev1_p11_classic.mh: machine generated classical descriptor matcher
//
// Command: tasm -d D:/cpplibs/aam/stasm_work/tasm/shapes/glasses_tasmout D:/cpplibs/aam/stasm_work/tasm/shapes/glasses.shape

#ifndef STASM_YAW00_LEV1_P11_CLASSIC_MH
#define STASM_YAW00_LEV1_P11_CLASSIC_MH

namespace stasm {

// static const int EYEMOUTH_DIST = 100;
// static const double PYR_RATIO = 2;

static const double yaw00_lev1_p11_prof[9] = // mean profile
{
    0.576915, 0.130386, -0.70451, -0.350335, -0.349812, 0.721418, 0.395252, 0.238009, -0.189314
};
static const double yaw00_cov_lev1_p11[9*9] = // covariance matrix
{
    1.12636, -0.560477, -0.121514, 0.305677, 0.135263, -0.0999769, 0.409451, -0.1805, -0.36743,
    -0.560477, 2.44077, -0.848052, 0.229914, -0.211695, 0.241628, -0.172444, 0.350351, -0.259089,
    -0.121514, -0.848052, 1.03653, -0.338389, 0.37094, -0.0935559, 0.296902, -0.17808, 0.739183,
    0.305677, 0.229914, -0.338389, 0.766745, -0.249107, 0.43071, 0.107208, 0.456848, -0.184912,
    0.135263, -0.211695, 0.37094, -0.249107, 1.27562, -0.72702, 0.994341, -0.316107, 0.205338,
    -0.0999769, 0.241628, -0.0935559, 0.43071, -0.72702, 1.14844, -0.973647, 0.555034, 0.0338662,
    0.409451, -0.172444, 0.296902, 0.107208, 0.994341, -0.973647, 3.22898, -0.549886, 0.220304,
    -0.1805, 0.350351, -0.17808, 0.456848, -0.316107, 0.555034, -0.549886, 1.78547, -0.030873,
    -0.36743, -0.259089, 0.739183, -0.184912, 0.205338, 0.0338662, 0.220304, -0.030873, 3.35603
};

static const ClassicDescMod yaw00_lev1_p11_classic(9, yaw00_lev1_p11_prof, yaw00_cov_lev1_p11);

} // namespace stasm
#endif // STASM_YAW00_LEV1_P11_CLASSIC_MH
