// yaw00_lev0_p07_classic.mh: machine generated classical descriptor matcher
//
// Command: tasm -d D:/cpplibs/aam/stasm_work/tasm/shapes/glasses_tasmout D:/cpplibs/aam/stasm_work/tasm/shapes/glasses.shape

#ifndef STASM_YAW00_LEV0_P07_CLASSIC_MH
#define STASM_YAW00_LEV0_P07_CLASSIC_MH

namespace stasm {

// static const int EYEMOUTH_DIST = 100;
// static const double PYR_RATIO = 2;

static const double yaw00_lev0_p07_prof[9] = // mean profile
{
    0.0786795, -0.221507, -0.463799, -0.630621, 0.449286, 1.28089, 0.69785, -0.487146, -0.494618
};
static const double yaw00_cov_lev0_p07[9*9] = // covariance matrix
{
    10.2525, -4.93397, 0.225443, 3.1855, -2.28491, -0.118046, 0.36337, -1.61543, 0.0161459,
    -4.93397, 14.6501, -3.79267, -4.85481, 5.28648, -0.727007, -0.339422, 1.62251, 0.389929,
    0.225443, -3.79267, 3.52431, 0.700484, -1.90638, 0.916377, -0.427304, -0.808292, 0.0253398,
    3.1855, -4.85481, 0.700484, 5.52479, -3.46774, -0.195455, 1.09591, -0.931893, 0.0390992,
    -2.28491, 5.28648, -1.90638, -3.46774, 4.26986, -1.218, 0.949375, 0.767563, 0.676664,
    -0.118046, -0.727007, 0.916377, -0.195455, -1.218, 2.0525, -1.89491, 0.236437, -0.212179,
    0.36337, -0.339422, -0.427304, 1.09591, 0.949375, -1.89491, 2.88635, -0.983533, 1.28018,
    -1.61543, 1.62251, -0.808292, -0.931893, 0.767563, 0.236437, -0.983533, 2.4841, -2.1109,
    0.0161459, 0.389929, 0.0253398, 0.0390992, 0.676664, -0.212179, 1.28018, -2.1109, 3.37929
};

static const ClassicDescMod yaw00_lev0_p07_classic(9, yaw00_lev0_p07_prof, yaw00_cov_lev0_p07);

} // namespace stasm
#endif // STASM_YAW00_LEV0_P07_CLASSIC_MH
