// yaw00_lev2_p05_classic.mh: machine generated classical descriptor matcher
//
// Command: tasm -d D:/cpplibs/aam/stasm_work/tasm/shapes/glasses_tasmout D:/cpplibs/aam/stasm_work/tasm/shapes/glasses.shape

#ifndef STASM_YAW00_LEV2_P05_CLASSIC_MH
#define STASM_YAW00_LEV2_P05_CLASSIC_MH

namespace stasm {

// static const int EYEMOUTH_DIST = 100;
// static const double PYR_RATIO = 2;

static const double yaw00_lev2_p05_prof[9] = // mean profile
{
    -0.0291663, -0.810039, -0.595292, 0.118613, -0.114965, 1.25907, 0.158843, -0.650371, -0.0878288
};
static const double yaw00_cov_lev2_p05[9*9] = // covariance matrix
{
    5.28588, -6.79683, 5.5318, -4.7667, 1.74186, 0.0215779, 0.297751, 3.05397, 1.12777,
    -6.79683, 14.5667, -8.26615, 10.5886, -2.82184, -0.0240684, 1.4822, -4.0076, 2.50724,
    5.5318, -8.26615, 9.55148, -6.05676, 2.08953, 0.115961, 1.26971, 5.1854, 5.3165,
    -4.7667, 10.5886, -6.05676, 9.56592, -2.70549, 0.0042218, 1.09955, -3.13551, 2.8839,
    1.74186, -2.82184, 2.08953, -2.70549, 2.13105, 0.0779457, -0.224121, 1.21672, -0.777306,
    0.0215779, -0.0240684, 0.115961, 0.0042218, 0.0779457, 0.343604, 0.147725, 0.334287, -0.36405,
    0.297751, 1.4822, 1.26971, 1.09955, -0.224121, 0.147725, 1.85074, 0.970066, 3.87293,
    3.05397, -4.0076, 5.1854, -3.13551, 1.21672, 0.334287, 0.970066, 4.14545, 2.75287,
    1.12777, 2.50724, 5.3165, 2.8839, -0.777306, -0.36405, 3.87293, 2.75287, 14.5239
};

static const ClassicDescMod yaw00_lev2_p05_classic(9, yaw00_lev2_p05_prof, yaw00_cov_lev2_p05);

} // namespace stasm
#endif // STASM_YAW00_LEV2_P05_CLASSIC_MH
