// yaw00_lev3_p24_classic.mh: machine generated classical descriptor matcher
//
// Command: tasm -d D:/cpplibs/aam/stasm_work/tasm/shapes/glasses_tasmout D:/cpplibs/aam/stasm_work/tasm/shapes/glasses.shape

#ifndef STASM_YAW00_LEV3_P24_CLASSIC_MH
#define STASM_YAW00_LEV3_P24_CLASSIC_MH

namespace stasm {

// static const int EYEMOUTH_DIST = 100;
// static const double PYR_RATIO = 2;

static const double yaw00_lev3_p24_prof[9] = // mean profile
{
    0.638209, 0.830909, 0.270366, 0.0281604, -0.865363, -0.00144432, 0.363019, 0.473505, -0.230099
};
static const double yaw00_cov_lev3_p24[9*9] = // covariance matrix
{
    9.28965, 9.05689, -3.70075, 2.56509, 3.45378, 0.825669, -0.571188, -0.276898, 9.23529,
    9.05689, 10.6075, -4.33938, 2.87968, 3.73586, 1.37864, -0.211307, 0.64271, 8.72127,
    -3.70075, -4.33938, 4.10388, -0.992174, -1.26921, -0.25505, 0.0656823, -1.7238, -2.89383,
    2.56509, 2.87968, -0.992174, 1.48757, 1.16511, 0.54707, 0.0459472, 0.122213, 2.24718,
    3.45378, 3.73586, -1.26921, 1.16511, 2.58049, 0.891034, 0.0140965, -0.103534, 2.73012,
    0.825669, 1.37864, -0.25505, 0.54707, 0.891034, 0.86653, 0.220292, 0.330899, 0.0888052,
    -0.571188, -0.211307, 0.0656823, 0.0459472, 0.0140965, 0.220292, 1.2489, 0.748968, -1.26005,
    -0.276898, 0.64271, -1.7238, 0.122213, -0.103534, 0.330899, 0.748968, 2.99289, -2.34791,
    9.23529, 8.72127, -2.89383, 2.24718, 2.73012, 0.0888052, -1.26005, -2.34791, 13.4317
};

static const ClassicDescMod yaw00_lev3_p24_classic(9, yaw00_lev3_p24_prof, yaw00_cov_lev3_p24);

} // namespace stasm
#endif // STASM_YAW00_LEV3_P24_CLASSIC_MH
