// yaw00_lev3_p29_classic.mh: machine generated classical descriptor matcher
//
// Command: tasm -d D:/cpplibs/aam/stasm_work/tasm/shapes/glasses_tasmout D:/cpplibs/aam/stasm_work/tasm/shapes/glasses.shape

#ifndef STASM_YAW00_LEV3_P29_CLASSIC_MH
#define STASM_YAW00_LEV3_P29_CLASSIC_MH

namespace stasm {

// static const int EYEMOUTH_DIST = 100;
// static const double PYR_RATIO = 2;

static const double yaw00_lev3_p29_prof[9] = // mean profile
{
    0.257479, 0.109013, 0.0593667, 0.332741, -0.868558, -0.339862, -1.09546, -0.0379507, 0.917107
};
static const double yaw00_cov_lev3_p29[9*9] = // covariance matrix
{
    23.8847, 0.0135223, 3.00682, 1.6111, 1.12697, 2.57406, -2.18642, -0.968214, -0.180397,
    0.0135223, 7.31686, 2.50226, 1.30923, 1.03832, 0.588275, 0.60364, -0.880814, -0.889182,
    3.00682, 2.50226, 4.29672, 1.36296, 0.397982, 0.339038, -0.00250996, -0.434215, -0.434053,
    1.6111, 1.30923, 1.36296, 1.99106, 0.342956, 0.195569, -0.0594615, 0.0323646, 0.193557,
    1.12697, 1.03832, 0.397982, 0.342956, 0.805564, 0.346933, 0.0409982, -0.0745983, -0.128552,
    2.57406, 0.588275, 0.339038, 0.195569, 0.346933, 0.641154, -0.0747636, -0.140657, -0.179094,
    -2.18642, 0.60364, -0.00250996, -0.0594615, 0.0409982, -0.0747636, 0.737618, -0.0262212, -0.187264,
    -0.968214, -0.880814, -0.434215, 0.0323646, -0.0745983, -0.140657, -0.0262212, 0.587172, 0.163288,
    -0.180397, -0.889182, -0.434053, 0.193557, -0.128552, -0.179094, -0.187264, 0.163288, 0.559424
};

static const ClassicDescMod yaw00_lev3_p29_classic(9, yaw00_lev3_p29_prof, yaw00_cov_lev3_p29);

} // namespace stasm
#endif // STASM_YAW00_LEV3_P29_CLASSIC_MH
