// yaw00_lev3_p34_classic.mh: machine generated classical descriptor matcher
//
// Command: tasm -d D:/cpplibs/aam/stasm_work/tasm/shapes/glasses_tasmout D:/cpplibs/aam/stasm_work/tasm/shapes/glasses.shape

#ifndef STASM_YAW00_LEV3_P34_CLASSIC_MH
#define STASM_YAW00_LEV3_P34_CLASSIC_MH

namespace stasm {

// static const int EYEMOUTH_DIST = 100;
// static const double PYR_RATIO = 2;

static const double yaw00_lev3_p34_prof[9] = // mean profile
{
    -0.437492, -0.577269, 0.0399434, 0.316644, -0.342592, 0.694671, 1.74942, 1.24756, 0.247458
};
static const double yaw00_cov_lev3_p34[9*9] = // covariance matrix
{
    4.11903, 2.94077, 2.40907, 6.47028, 2.85891, 1.95535, 0.597661, -1.01084, 0.212238,
    2.94077, 5.07627, 2.01491, 9.03008, 2.9414, 2.20647, 1.60861, -1.3428, 1.01794,
    2.40907, 2.01491, 7.10005, 5.01382, 4.64229, 0.61044, -0.0390389, -0.884022, 0.935038,
    6.47028, 9.03008, 5.01382, 21.0197, 7.61368, 5.53075, 3.83468, -3.2737, 2.08349,
    2.85891, 2.9414, 4.64229, 7.61368, 6.08024, 1.50089, 0.792882, -0.647794, 1.07555,
    1.95535, 2.20647, 0.61044, 5.53075, 1.50089, 2.67328, 1.12989, -0.400524, 0.810942,
    0.597661, 1.60861, -0.0390389, 3.83468, 0.792882, 1.12989, 1.31249, -0.784703, 0.519339,
    -1.01084, -1.3428, -0.884022, -3.2737, -0.647794, -0.400524, -0.784703, 2.27807, 0.200442,
    0.212238, 1.01794, 0.935038, 2.08349, 1.07555, 0.810942, 0.519339, 0.200442, 1.46094
};

static const ClassicDescMod yaw00_lev3_p34_classic(9, yaw00_lev3_p34_prof, yaw00_cov_lev3_p34);

} // namespace stasm
#endif // STASM_YAW00_LEV3_P34_CLASSIC_MH
