// yaw00_lev3_p25_classic.mh: machine generated classical descriptor matcher
//
// Command: tasm -d D:/cpplibs/aam/stasm_work/tasm/shapes/glasses_tasmout D:/cpplibs/aam/stasm_work/tasm/shapes/glasses.shape

#ifndef STASM_YAW00_LEV3_P25_CLASSIC_MH
#define STASM_YAW00_LEV3_P25_CLASSIC_MH

namespace stasm {

// static const int EYEMOUTH_DIST = 100;
// static const double PYR_RATIO = 2;

static const double yaw00_lev3_p25_prof[9] = // mean profile
{
    0.953194, 1.23053, 0.00245005, 0.852799, -1.05927, 0.201159, -0.252923, -0.143142, -0.149425
};
static const double yaw00_cov_lev3_p25[9*9] = // covariance matrix
{
    2.26266, 0.9541, 1.7513, 1.21903, 0.191767, 1.59863, 2.1573, 2.56163, -0.171307,
    0.9541, 2.10563, 0.886396, 1.64609, 0.834598, 1.40406, -1.31949, -0.473467, -3.25341,
    1.7513, 0.886396, 3.99576, 0.572637, -0.143304, 1.78535, 3.11751, 3.77819, -0.913108,
    1.21903, 1.64609, 0.572637, 2.33421, 0.96872, 1.60853, -1.77193, -0.557281, -3.24461,
    0.191767, 0.834598, -0.143304, 0.96872, 0.76239, 0.456213, -1.64536, -1.12376, -1.86079,
    1.59863, 1.40406, 1.78535, 1.60853, 0.456213, 2.72789, 1.62459, 0.924391, -1.35761,
    2.1573, -1.31949, 3.11751, -1.77193, -1.64536, 1.62459, 13.8346, 6.81789, 7.49214,
    2.56163, -0.473467, 3.77819, -0.557281, -1.12376, 0.924391, 6.81789, 9.22073, 3.19882,
    -0.171307, -3.25341, -0.913108, -3.24461, -1.86079, -1.35761, 7.49214, 3.19882, 14.9226
};

static const ClassicDescMod yaw00_lev3_p25_classic(9, yaw00_lev3_p25_prof, yaw00_cov_lev3_p25);

} // namespace stasm
#endif // STASM_YAW00_LEV3_P25_CLASSIC_MH
