// yaw00_lev0_p00_classic.mh: machine generated classical descriptor matcher
//
// Command: tasm -d D:/cpplibs/aam/stasm_work/tasm/shapes/glasses_tasmout D:/cpplibs/aam/stasm_work/tasm/shapes/glasses.shape

#ifndef STASM_YAW00_LEV0_P00_CLASSIC_MH
#define STASM_YAW00_LEV0_P00_CLASSIC_MH

namespace stasm {

// static const int EYEMOUTH_DIST = 100;
// static const double PYR_RATIO = 2;

static const double yaw00_lev0_p00_prof[9] = // mean profile
{
    -1.06763, -1.15805, -0.672451, -0.470679, 0.21136, 0.375422, 0.505985, 0.201597, -0.0353049
};
static const double yaw00_cov_lev0_p00[9*9] = // covariance matrix
{
    5.7561, -4.31914, 0.226394, 0.999611, -2.96624, 2.34879, -2.28766, -2.05208, 4.93392,
    -4.31914, 5.80124, -1.36857, -0.798195, 3.06999, -2.23103, 0.823748, 1.99486, -3.61535,
    0.226394, -1.36857, 2.29646, -0.708654, 0.13516, -0.712415, 0.987753, 0.876467, -0.394601,
    0.999611, -0.798195, -0.708654, 2.65168, -3.0166, 0.617657, 1.34152, -1.24728, -1.09985,
    -2.96624, 3.06999, 0.13516, -3.0166, 6.36897, -3.06249, 0.366286, 3.74729, -1.91485,
    2.34879, -2.23103, -0.712415, 0.617657, -3.06249, 4.45766, -3.84008, -2.56995, 4.27745,
    -2.28766, 0.823748, 0.987753, 1.34152, 0.366286, -3.84008, 7.38378, 0.361694, -6.69246,
    -2.05208, 1.99486, 0.876467, -1.24728, 3.74729, -2.56995, 0.361694, 6.66714, -4.23744,
    4.93392, -3.61535, -0.394601, -1.09985, -1.91485, 4.27745, -6.69246, -4.23744, 13.0561
};

static const ClassicDescMod yaw00_lev0_p00_classic(9, yaw00_lev0_p00_prof, yaw00_cov_lev0_p00);

} // namespace stasm
#endif // STASM_YAW00_LEV0_P00_CLASSIC_MH
